69.056 138.408 110 MOPAR
93.893 137.272 90 PG534
106.812 135.894 70 PG536
116.828 134.44 50 PG560
116.811 123.12 40 IF_26L
114.186 122.819 35 FAF_26L
102.863 121.519 0 RWY_26L


135.267 148.324 90 LORNI
130.729 139.405 70 PG520
124.001 129.523 50 PG562
116.811 123.12 40 IF_26L
114.186 122.819 35 FAF_26L
102.863 121.519 0 RWY_26L


141.9 100.008 90 OKIPA
135.437 110.134 70 PG522
129.239 119.855 50 PG564
116.811 123.12 40 IF_26L
114.186 122.819 35 FAF_26L
102.863 121.519 0 RWY_26L


60.002 95.1 150 BANOX
77.79 114.36 130 DOMUS
87.665 115.494 110 PG510
97.362 116.61 90 PG515
108.158 114.252 70 PG566
119.082 115.5 50 PG568
116.811 123.12 40 IF_26L
114.186 122.819 35 FAF_26L
102.863 121.519 0 RWY_26L
