69.056 138.408 130 MOPAR
93.893 137.272 110 PG534
106.812 135.894 90 PG536
116.828 134.44 70 PG560
117.826 125.286 50 IF_27R
115.408 125.009 45 FAF_LOC_27R
99.269 123.313 0 RWY_27R


135.267 148.324 110 LORNI
130.729 139.405 90 PG520
124.001 129.523 70 PG562
117.826 125.286 50 IF_27R
115.408 125.009 45 FAF_LOC_27R
99.269 123.313 0 RWY_27R


141.9 100.008 110  OKIPA
135.437 110.134 90 PG522
129.239 119.855 70 PG564
117.826 125.286 50 IF_27R
115.408 125.009 45 FAF_LOC_27R
99.269 123.313 0 RWY_27R


60.002 95.1 170 BANOX
77.79 114.36 150 DOMUS
87.665 115.494 130 PG510
97.362 116.61 110  PG515
108.158 114.252 90 PG566
119.082 115.5 70 PG568
117.826 125.286 50 IF_27R
115.408 125.009 45 FAF_LOC_27R
99.269 123.313 0 RWY_27R
